a= [3.14 15 9 26]
b=[2.71;7;2.1;2.1;71]
c=[5:-0.2:-5]